0.000000
0.000000
0.000000
0.000000
0.000000
0.000000
0.000000
0.000000
0.000000
0.000000
0.000000
0.000000
0.000000
0.000000
0.000000
0.000000
0.000000
0.000000
0.000000
0.000000
0.000000
0.000000
0.000000
0.000000
0.000000
0.000000
0.000000
0.000000
0.000000
0.000000
0.000000
0.000000
0.000000
0.000000
0.000000
0.000000
0.000000
0.000000
0.000000
0.000000
0.000000
0.000000
0.000000
0.000000
0.000000
0.000000
0.000000
0.000000
0.000000
0.000000
0.000000
0.000000
0.000000
0.000000
0.000000
0.000000
0.000000
0.000000
0.000000
0.000000
0.000000
0.000000
0.000000
0.000000
0.000000
0.000000
0.000000
0.000000
0.000000
0.000000
0.000000
0.000000
0.269851
0.782996
0.761890
0.283381
0.831662
0.568431
0.019742
0.317512
0.000000
0.000000
0.000000
0.000000
0.000000
0.000000
0.000000
0.000000
0.826788
0.909290
0.885111
0.638709
0.877792
0.179185
0.610950
0.885147
0.000000
0.000000
0.000000
0.000000
0.000000
0.000000
0.000000
0.000000
0.000000
0.000000
0.000000
0.000000
0.000000
0.000000
0.000000
0.000000
0.316725
0.194259
0.541047
0.262992
0.041535
0.945336
0.683037
0.790571
0.000802
0.732827
0.474146
0.154136
0.279087
0.856769
0.793118
0.865737
0.000000
0.000000
0.000000
0.000000
0.000000
0.000000
0.000000
0.000000
0.477945
0.115821
0.104033
0.481661
0.497563
0.335166
0.100681
0.022880
0.775481
0.643883
0.319411
0.635465
0.868244
0.513512
0.200691
0.012755
0.000000
0.000000
0.000000
0.000000
0.000000
0.000000
0.000000
0.000000
0.379419
0.756717
0.578847
0.484517
0.735121
0.469312
0.891266
0.482734
0.932543
0.927463
0.776769
0.570563
0.020259
0.066231
0.081234
0.064477
0.000000
0.000000
0.000000
0.000000
0.000000
0.000000
0.000000
0.000000
0.000000
0.000000
0.000000
0.000000
0.000000
0.000000
0.000000
0.000000
0.000000
0.000000
0.000000
0.000000
0.000000
0.000000
0.000000
0.000000
0.000000
0.000000
0.000000
0.000000
0.000000
0.000000
0.000000
0.000000
0.292037
0.362092
0.394626
0.811578
0.941171
0.581553
0.607682
0.196867
0.160913
0.687065
0.798236
0.364284
0.515670
0.604212
0.552469
0.341586
0.000000
0.000000
0.000000
0.000000
0.000000
0.000000
0.000000
0.000000
0.000000
0.000000
0.000000
0.000000
0.000000
0.000000
0.000000
0.000000
0.000000
0.000000
0.000000
0.000000
0.000000
0.000000
0.000000
0.000000
0.000000
0.000000
0.000000
0.000000
0.000000
0.000000
0.000000
0.000000
0.000000
0.000000
0.000000
0.000000
0.000000
0.000000
0.000000
0.000000
0.000000
0.000000
0.000000
0.000000
0.000000
0.000000
0.000000
0.000000
0.000000
0.000000
0.000000
0.000000
0.000000
0.000000
0.000000
0.000000
0.000000
0.000000
0.000000
0.000000
0.000000
0.000000
0.000000
0.000000
0.806235
0.937776
0.891272
0.657032
0.101161
0.041146
0.454127
0.151241
0.105339
0.076391
0.024951
0.023167
0.464064
0.768581
0.147886
0.554851
0.000000
0.000000
0.000000
0.000000
0.000000
0.000000
0.000000
0.000000
0.434711
0.439502
0.966768
0.812700
0.609270
0.396141
0.761236
0.470007
0.131729
0.049189
0.077254
0.396031
0.538227
0.656424
0.622300
0.361728
0.541050
0.175847
0.084396
0.112376
0.640409
0.994050
0.915853
0.746642
0.913537
0.358648
0.513764
0.115445
0.613033
0.196527
0.241481
0.376495
0.510333
0.430732
0.181112
0.986716
0.536704
0.261269
0.920758
0.239716
0.440421
0.465756
0.957169
0.916483
0.742774
0.946174
0.914282
0.814701
0.508684
0.559150
0.641237
0.355069
0.622238
0.850388
0.129473
0.756397
0.764861
0.822923
0.686395
0.867057
0.157694
0.004682
0.033389
0.064241
0.000000
0.000000
0.000000
0.000000
0.000000
0.000000
0.000000
0.000000
0.000000
0.000000
0.000000
0.000000
0.000000
0.000000
0.000000
0.000000
0.993971
0.329648
0.893274
0.643297
0.962064
0.266345
0.463291
0.361448
0.000000
0.000000
0.000000
0.000000
0.000000
0.000000
0.000000
0.000000
0.874744
0.813510
0.489942
0.683212
0.860984
0.239048
0.700123
0.795077
0.192839
0.591767
0.496427
0.231410
0.805703
0.422819
0.203510
0.749125
0.566829
0.634761
0.322999
0.963352
0.581569
0.289429
0.500490
0.136185
0.000000
0.000000
0.000000
0.000000
0.000000
0.000000
0.000000
0.000000
0.225588
0.108159
0.374184
0.253266
0.891256
0.297665
0.879686
0.953590
0.042157
0.005438
0.128335
0.180143
0.640794
0.511063
0.746757
0.150768
0.000000
0.000000
0.000000
0.000000
0.000000
0.000000
0.000000
0.000000
0.166232
0.364651
0.349774
0.172050
0.252227
0.204281
0.339837
0.034614
0.000000
0.000000
0.000000
0.000000
0.000000
0.000000
0.000000
0.000000
0.097352
0.561354
0.244916
0.603398
0.783975
0.574431
0.640487
0.844372
0.234734
0.429776
0.304054
0.107776
0.276487
0.617412
0.314139
0.238279
0.864780
0.772925
0.268457
0.831294
0.724863
0.077473
0.173467
0.068283
0.734007
0.400404
0.828371
0.314664
0.526268
0.297544
0.068197
0.337789
0.058078
0.461187
0.416931
0.225242
0.963928
0.877742
0.392780
0.657058
0.555952
0.819283
0.838929
0.885298
0.932634
0.697894
0.177499
0.003558
0.000000
0.000000
0.000000
0.000000
0.000000
0.000000
0.000000
0.000000
0.000000
0.000000
0.000000
0.000000
0.000000
0.000000
0.000000
0.000000
0.000000
0.000000
0.000000
0.000000
0.000000
0.000000
0.000000
0.000000
0.708843
0.792578
0.576912
0.213853
0.752138
0.227691
0.492367
0.398700
0.000000
0.000000
0.000000
0.000000
0.000000
0.000000
0.000000
0.000000
0.630733
0.850929
0.590217
0.245708
0.323156
0.471233
0.948474
0.794290
0.770045
0.552741
0.962146
0.402667
0.088222
0.071060
0.241764
0.136987
0.986417
0.086441
0.018953
0.014190
0.002849
0.041736
0.835540
0.595857
0.000000
0.000000
0.000000
0.000000
0.000000
0.000000
0.000000
0.000000
0.569231
0.174622
0.923759
0.820938
0.110629
0.615244
0.938989
0.708853
0.931456
0.318539
0.603750
0.509575
0.191902
0.813675
0.143931
0.503496
0.450574
0.016978
0.099510
0.082366
0.787025
0.546932
0.003028
0.303130
0.624076
0.108289
0.256120
0.069446
0.301321
0.460115
0.193084
0.021685
0.633422
0.317056
0.154333
0.214738
0.288147
0.281984
0.891050
0.866937
0.446437
0.137757
0.938590
0.952258
0.627904
0.417959
0.298498
0.838436
0.127098
0.697479
0.386292
0.344726
0.738517
0.928382
0.289572
0.948307
0.806097
0.980082
0.491303
0.174703
0.308079
0.910676
0.477725
0.602165
0.000000
0.000000
0.000000
0.000000
0.000000
0.000000
0.000000
0.000000
0.510343
0.967251
0.656036
0.669395
0.932284
0.721052
0.247057
0.160429
0.000000
0.000000
0.000000
0.000000
0.000000
0.000000
0.000000
0.000000
0.416379
0.531503
0.776800
0.479883
0.112673
0.098800
0.284049
0.321965
0.000000
0.000000
0.000000
0.000000
0.000000
0.000000
0.000000
0.000000
0.469007
0.441304
0.059518
0.265547
0.129123
0.246318
0.343906
0.334990
0.000000
0.000000
0.000000
0.000000
0.000000
0.000000
0.000000
0.000000
0.887134
0.412340
0.940891
0.080565
0.739680
0.787976
0.468520
0.858968
0.143410
0.585396
0.336447
0.510622
0.705097
0.981345
0.748111
0.160603
0.000000
0.000000
0.000000
0.000000
0.000000
0.000000
0.000000
0.000000
0.572748
0.064191
0.009450
0.121230
0.895870
0.508608
0.518387
0.370374
0.396075
0.390149
0.404324
0.662015
0.867593
0.579271
0.249343
0.932895
0.733369
0.166262
0.249140
0.062161
0.579828
0.770229
0.927125
0.330774
0.000000
0.000000
0.000000
0.000000
0.000000
0.000000
0.000000
0.000000
0.871365
0.974185
0.832432
0.387415
0.930440
0.200875
0.473556
0.040766
0.000000
0.000000
0.000000
0.000000
0.000000
0.000000
0.000000
0.000000
0.000000
0.000000
0.000000
0.000000
0.000000
0.000000
0.000000
0.000000
0.000000
0.000000
0.000000
0.000000
0.000000
0.000000
0.000000
0.000000
0.000000
0.000000
0.000000
0.000000
0.000000
0.000000
0.000000
0.000000
0.413732
0.980256
0.795077
0.548403
0.551782
0.753534
0.479762
0.410921
0.330864
0.024200
0.983253
0.771139
0.723235
0.439395
0.927564
0.520093
0.249017
0.236068
0.481448
0.486302
0.502668
0.416248
0.695838
0.583597
0.104117
0.703741
0.323278
0.246541
0.095556
0.485133
0.588719
0.431068
0.000000
0.000000
0.000000
0.000000
0.000000
0.000000
0.000000
0.000000
0.157886
0.739010
0.604297
0.046923
0.820399
0.053113
0.200227
0.154030
0.000000
0.000000
0.000000
0.000000
0.000000
0.000000
0.000000
0.000000
0.758635
0.244913
0.671694
0.427841
0.771256
0.545343
0.519943
0.034038
0.597704
0.061025
0.802050
0.721895
0.132880
0.088310
0.524686
0.132250
0.003751
0.224064
0.217035
0.632577
0.617093
0.737938
0.294450
0.683917
0.515213
0.283550
0.024681
0.298547
0.838020
0.930707
0.374141
0.170163
0.000000
0.000000
0.000000
0.000000
0.000000
0.000000
0.000000
0.000000
0.087116
0.840655
0.243237
0.594593
0.271224
0.336599
0.056036
0.021874
0.000000
0.000000
0.000000
0.000000
0.000000
0.000000
0.000000
0.000000
0.000000
0.000000
0.000000
0.000000
0.000000
0.000000
0.000000
0.000000
0.000000
0.000000
0.000000
0.000000
0.000000
0.000000
0.000000
0.000000
0.000000
0.000000
0.000000
0.000000
0.000000
0.000000
0.000000
0.000000
0.080788
0.009481
0.021863
0.097425
0.207767
0.541742
0.463474
0.517010
0.674859
0.883106
0.181888
0.040823
0.018697
0.006075
0.007635
0.033078
0.524742
0.682961
0.476747
0.378102
0.386653
0.618780
0.451621
0.766071
0.929175
0.013334
0.060838
0.362794
0.953575
0.762531
0.501600
0.763171
0.000000
0.000000
0.000000
0.000000
0.000000
0.000000
0.000000
0.000000
0.809526
0.753062
0.357478
0.712616
0.704005
0.385989
0.884559
0.154032
0.300213
0.476983
0.645922
0.240101
0.902421
0.924363
0.943503
0.906003
0.000000
0.000000
0.000000
0.000000
0.000000
0.000000
0.000000
0.000000
0.000000
0.000000
0.000000
0.000000
0.000000
0.000000
0.000000
0.000000
0.288969
0.426138
0.536864
0.478989
0.572962
0.978538
0.472246
0.850938
0.000000
0.000000
0.000000
0.000000
0.000000
0.000000
0.000000
0.000000
0.877620
0.585251
0.440652
0.673338
0.148944
0.401037
0.691748
0.506036
0.954652
0.906549
0.949747
0.933368
0.147032
0.984491
0.430520
0.735733
0.006415
0.077611
0.532394
0.652721
0.573633
0.641299
0.801414
0.536867
0.746438
0.992594
0.751824
0.174001
0.486332
0.694995
0.730745
0.775242
0.000000
0.000000
0.000000
0.000000
0.000000
0.000000
0.000000
0.000000
0.000000
0.000000
0.000000
0.000000
0.000000
0.000000
0.000000
0.000000
0.000000
0.000000
0.000000
0.000000
0.000000
0.000000
0.000000
0.000000
0.000000
0.000000
0.000000
0.000000
0.000000
0.000000
0.000000
0.000000
0.210262
0.092436
0.320287
0.246431
0.066637
0.070534
0.616993
0.762228
0.206589
0.226083
0.365423
0.742683
0.116584
0.084670
0.218024
0.881288
0.000000
0.000000
0.000000
0.000000
0.000000
0.000000
0.000000
0.000000
0.000000
0.000000
0.000000
0.000000
0.000000
0.000000
0.000000
0.000000
0.906025
0.967126
0.382408
0.541068
0.723259
0.077960
0.821756
0.528716
0.783639
0.834252
0.601102
0.632586
0.379629
0.386423
0.039753
0.105814
0.380083
0.481036
0.323393
0.661419
0.469430
0.511545
0.980632
0.523015
0.213082
0.967393
0.413256
0.002511
0.265449
0.694226
0.854560
0.856839
