0.000000
0.000000
0.000000
0.000000
0.000000
0.000000
0.000000
0.000000
0.021483
0.000198
0.000000
0.000000
0.000007
0.022298
0.000639
0.000656
0.130366
0.417182
0.236570
0.005580
0.384964
0.230970
0.645763
0.113300
0.005022
0.055049
0.193828
0.294648
0.551853
0.511427
0.034158
0.073056
0.209604
0.595743
0.875847
0.963210
0.320587
0.180530
0.139048
0.138434
0.058812
0.028492
0.574465
0.819209
0.580632
0.847889
0.018003
0.008446
0.073596
0.089074
0.826279
0.384964
0.072164
0.298574
0.335104
0.267733
0.003520
0.001203
0.075235
0.004253
0.005543
0.047271
0.225021
0.238935
0.713929
0.786679
0.316443
0.797637
0.482311
0.878221
0.071634
0.165127
0.448954
0.522200
0.563970
0.402949
0.017432
0.048771
0.603815
0.181291
0.221421
0.120762
0.254010
0.217425
0.423700
0.852113
0.143091
0.235630
0.468157
0.773780
0.910261
0.978437
0.401545
0.376860
0.075235
0.053658
0.596638
0.699838
0.611031
0.606517
0.230970
0.333876
0.197068
0.374854
0.672684
0.932558
0.605616
0.150808
0.220528
0.125771
0.257012
0.098597
0.003059
0.001239
0.003544
0.000212
0.656867
0.420070
0.001920
0.001194
0.499167
0.175272
0.183206
0.049280
0.119130
0.260548
0.087600
0.159204
0.855466
0.412161
0.361023
0.154791
0.074320
0.571832
0.070932
0.172690
0.080534
0.042783
0.933776
0.840200
0.389749
0.854630
0.697022
0.857133
0.825399
0.757988
0.324772
0.592171
0.510604
0.771002
0.329604
0.392502
0.011420
0.010032
0.657795
0.664299
0.679222
0.892856
0.553576
0.343168
0.258018
0.049794
0.420794
0.512251
0.753323
0.923085
0.663369
0.776553
0.706412
0.207472
0.160236
0.693269
0.681092
0.469716
0.379548
0.665229
0.927580
0.839339
0.436946
0.778399
0.995968
0.743033
0.675485
0.315854
0.014768
0.015489
0.762645
0.579749
0.487090
0.230970
0.125771
0.109211
0.194634
0.182438
0.319993
0.178261
0.744906
0.831535
0.359079
0.387693
0.102591
0.063110
0.282562
0.550134
0.537334
0.470497
0.247601
0.253513
0.894354
0.793995
0.374186
0.349469
0.384284
0.296887
0.857965
0.294090
0.018536
0.018754
0.723326
0.246626
0.287459
0.347570
0.321182
0.014857
0.073236
0.034438
0.116982
0.111496
0.183206
0.148522
0.006671
0.006757
0.311174
0.310593
0.142776
0.294090
0.021606
0.018754
0.970669
0.507320
0.625568
0.566584
0.071282
0.044043
0.062324
0.008635
0.571832
0.110730
0.268253
0.028413
0.701715
0.315854
0.075419
0.058367
0.433978
0.658723
0.283645
0.150808
0.141837
0.344422
0.108709
0.215668
0.708291
0.933168
0.390436
0.769148
0.507320
0.278797
0.001323
0.000717
0.057339
0.021668
0.060470
0.026056
0.378202
0.335104
0.528895
0.744906
0.499167
0.686708
0.245654
0.774705
0.247113
0.570080
0.923085
0.508140
0.541582
0.484697
0.786679
0.734594
0.485494
0.501604
