0.000000
0.000000
0.000000
0.000000
0.000279
0.000000
0.457296
0.000000
0.000000
0.000000
0.000000
0.000000
0.000000
0.000000
0.180314
0.000000
0.000000
0.000000
0.000000
0.000000
0.000000
0.000000
0.000000
0.000000
0.000000
0.000000
0.000000
0.000000
0.000000
0.000000
0.000001
0.613759
0.000000
0.000000
0.000000
0.000000
0.000000
0.000000
0.000019
0.000000
0.000000
0.000000
0.000357
0.000000
0.000000
0.000000
0.000000
0.000000
0.000000
0.000000
0.000000
0.000000
0.000000
0.000000
0.000000
0.000000
0.000000
0.000000
0.000000
0.000000
0.000000
0.000000
0.000000
0.000000
0.000000
0.000007
0.000000
0.000000
0.000000
0.000924
0.000001
0.012559
0.992678
0.000041
0.000000
0.000000
0.006245
0.474129
0.000000
0.000440
0.000000
0.000000
0.000000
0.000000
0.000093
0.019761
0.020250
0.003845
0.000758
0.000000
0.000000
0.000000
0.000000
0.000000
0.000000
0.000000
0.000000
0.000000
0.000000
0.000000
0.000000
0.000000
0.165847
0.000000
0.000151
0.000000
0.000000
0.000000
0.000000
0.000000
0.000000
0.000000
0.000000
0.00000