0.000000
0.000000
0.000000
0.000000
0.192301
0.000000
0.032644
0.000383
0.526328
0.119134
0.235087
0.370865
0.410696
0.160943
0.557633
0.049073
0.299726
0.882328
0.776346
0.069492
0.031975
0.799550
0.764112
0.009086
0.047491
0.499320
0.168891
0.195052
0.001726
0.040930
0.024902
0.176419
0.933052
0.536806
0.641073
0.104514
0.399060
0.833635
0.024514
0.340633
0.156173
0.163357
0.581154
0.173773
0.729254
0.882329
0.284094
0.038988
0.361357
0.418690
0.257949
0.286959
0.715760
0.312041
0.116288
0.136700
0.001589
0.001874
0.573890
0.000991
0.600495
0.159122
0.264949
0.104104
0.481733
0.310111
0.320729
0.723226
0.053642
0.622893
0.486753
0.672886
0.582513
0.709798
0.776474
0.364492
0.011796
0.588974
0.807275
0.450520
0.135655
0.527106
0.850909
0.774933
0.416039
0.390476
0.356989
0.711474
0.921943
0.711269
0.636785
0.530249
0.014449
0.852414
0.246326
0.063819
0.095965
0.163949
0.481127
0.289535
0.103827
0.695166
0.931472
0.335506
0.697910
0.549596
0.242574
0.471827
0.017523
0.528425
0.904491
0.198574
0.038996
0.061832
0.104658
0.003342
0.162727
0.217375
0.010635
0.587596
0.559003
0.109731
0.042970
0.414915
0.199697
0.612688
0.052359
0.382536
0.325576
0.225728
0.761052
0.793377
0.526345
0.426836
0.001042
0.057400
0.036047
0.228016
0.838398
0.841445
0.463266
0.336601
0.516718
0.337574
0.961714
0.471869
