0.000000
0.000000
0.000000
0.000000
0.000000
0.000000
0.000000
0.000000
0.000000
0.000000
0.000000
0.000000
0.000000
0.000000
0.000000
0.000000
0.000000
0.000000
0.000000
0.000000
0.000000
0.000000
0.000000
0.000000
0.000000
0.000000
0.000000
0.000000
0.000000
0.000000
0.000000
0.000000
0.000000
0.000000
0.000000
0.000000
0.000000
0.000000
0.000000
0.000000
0.000000
0.000000
0.000000
0.000000
0.000000
0.000000
0.000000
0.000000
0.000000
0.000000
0.000000
0.000000
0.000000
0.000000
0.000000
0.000000
0.000000
0.000000
0.000000
0.000000
0.000000
0.000000
0.000000
0.000000
0.000000
0.000000
0.000000
0.000000
0.000000
0.000000
0.000000
0.000000
0.000000
0.000000
0.000000
0.000000
0.000000
0.000000
0.000000
0.000000
0.000000
0.000000
0.000000
0.000000
0.000000
0.000000
0.000000
0.000000
0.000000
0.000000
0.000000
0.000000
0.000000
0.000000
0.000000
0.000000
0.000000
0.000000
0.000000
0.000000
0.000000
0.000000
0.000000
0.000000
0.000000
0.000000
0.000000
0.000000
0.000000
0.000000
0.000000
0.000000
0.000000
0.000000
0.000000
0.000000
0.000000
0.000000
0.000000
0.000000
0.000000
0.000000
0.000000
0.000000
0.000000
0.000000
0.000000
0.000000
0.000000
0.000000
0.000000
0.000000
0.000000
0.000000
0.000000
0.000000
0.000000
0.000000
0.000000
0.000000
0.000000
0.000000
0.000000
0.000000
0.000000
0.000000
0.000000
0.000000
0.000000
0.000000
0.000000
0.000000
0.000000
0.000000
0.000000
0.000000
0.000000
0.000000
0.000000
0.000000
0.000000
0.000000
0.641560
0.660385
0.640869
0.684965
0.625486
0.515260
0.490044
0.397889
0.362705
0.259369
0.134502
0.079749
0.173460
0.212541
0.183371
0.323227
0.506574
0.486505
0.000000
0.000000
0.000000
0.000000
0.000000
0.000000
0.000000
0.000000
0.000000
0.000000
0.000000
0.000000
0.000000
0.000000
0.000000
0.000000
0.000000
0.000000
0.706604
0.426441
0.203552
0.243500
0.545251
0.569654
0.257679
0.199822
0.488660
0.774474
0.720026
0.872744
0.913760
0.762312
0.517027
0.289336
0.422864
0.680949
0.000000
0.000000
0.000000
0.000000
0.000000
0.000000
0.000000
0.000000
0.000000
0.000000
0.000000
0.000000
0.000000
0.000000
0.000000
0.000000
0.000000
0.000000
0.000000
0.000000
0.000000
0.000000
0.000000
0.000000
0.000000
0.000000
0.000000
0.000000
0.000000
0.000000
0.000000
0.000000
0.000000
0.000000
0.000000
0.000000
0.808181
0.871674
0.882748
0.857783
0.684267
0.449249
0.674725
0.731495
0.416049
0.511250
0.691134
0.654405
0.578431
0.416049
0.269819
0.231212
0.369984
0.538873
0.977157
0.848908
0.761987
0.851758
0.882682
0.763268
0.926385
0.986405
0.344940
0.184134
0.314725
0.552539
0.840859
0.945096
0.782653
0.876404
0.915037
0.954334
0.000000
0.000000
0.000000
0.000000
0.000000
0.000000
0.000000
0.000000
0.000000
0.000000
0.000000
0.000000
0.000000
0.000000
0.000000
0.000000
0.000000
0.000000
0.792801
0.983474
0.742765
0.549392
0.763534
0.790764
0.921405
0.286735
0.081004
0.062149
0.102531
0.247250
0.627566
0.825389
0.397215
0.275594
0.431205
0.602725
0.309875
0.243070
0.478483
0.673898
0.495591
0.397006
0.379353
0.388400
0.387089
0.491455
0.388400
0.597879
0.982217
0.926910
0.948019
0.818885
0.658806
0.782151
0.000000
0.000000
0.000000
0.000000
0.000000
0.000000
0.000000
0.000000
0.000000
0.000000
0.000000
0.000000
0.000000
0.000000
0.000000
0.000000
0.000000
0.000000
0.540948
0.547613
0.523249
0.472302
0.448414
0.468494
0.189813
0.200066
0.583694
0.784086
0.419791
0.447421
0.933971
0.970857
0.452181
0.323194
0.361440
0.325349
0.994011
0.779718
0.686627
0.822791
0.828485
0.725640
0.813979
0.211008
0.227425
0.183249
0.103942
0.360979
0.860714
0.860782
0.575553
0.400231
0.291508
0.139210
0.000000
0.000000
0.000000
0.000000
0.000000
0.000000
0.000000
0.000000
0.000000
0.000000
0.000000
0.000000
0.000000
0.000000
0.000000
0.000000
0.000000
0.000000
0.000000
0.000000
0.000000
0.000000
0.000000
0.000000
0.000000
0.000000
0.000000
0.000000
0.000000
0.000000
0.000000
0.000000
0.000000
0.000000
0.000000
0.000000
0.000000
0.000000
0.000000
0.000000
0.000000
0.000000
0.000000
0.000000
0.000000
0.000000
0.000000
0.000000
0.000000
0.000000
0.000000
0.000000
0.000000
0.000000
0.000000
0.000000
0.000000
0.000000
0.000000
0.000000
0.000000
0.000000
0.000000
0.000000
0.000000
0.000000
0.000000
0.000000
0.000000
0.000000
0.000000
0.000000
0.436579
0.263856
0.264307
0.319964
0.308298
0.499786
0.674827
0.421579
0.762184
0.606942
0.662267
0.924527
0.854795
0.724051
0.471028
0.420400
0.552631
0.552180
0.533572
0.837588
0.681065
0.342376
0.258864
0.423618
0.522781
0.367365
0.491432
0.382515
0.426921
0.924572
0.741350
0.964821
0.942753
0.894897
0.525143
0.352042
0.000000
0.000000
0.000000
0.000000
0.000000
0.000000
0.000000
0.000000
0.000000
0.000000
0.000000
0.000000
0.000000
0.000000
0.000000
0.000000
0.000000
0.000000
0.000000
0.000000
0.000000
0.000000
0.000000
0.000000
0.000000
0.000000
0.000000
0.000000
0.000000
0.000000
0.000000
0.000000
0.000000
0.000000
0.000000
0.000000
0.000000
0.000000
0.000000
0.000000
0.000000
0.000000
0.000000
0.000000
0.000000
0.000000
0.000000
0.000000
0.000000
0.000000
0.000000
0.000000
0.000000
0.000000
0.000000
0.000000
0.000000
0.000000
0.000000
0.000000
0.000000
0.000000
0.000000
0.000000
0.000000
0.000000
0.000000
0.000000
0.000000
0.000000
0.000000
0.000000
0.000000
0.000000
0.000000
0.000000
0.000000
0.000000
0.000000
0.000000
0.000000
0.000000
0.000000
0.000000
0.000000
0.000000
0.000000
0.000000
0.000000
0.000000
0.000000
0.000000
0.000000
0.000000
0.000000
0.000000
0.000000
0.000000
0.000000
0.000000
0.000000
0.000000
0.000000
0.000000
0.000000
0.000000
0.000000
0.000000
0.000000
0.000000
0.000000
0.000000
0.000000
0.000000
0.000000
0.000000
0.000000
0.000000
0.000000
0.000000
0.000000
0.000000
0.000000
0.000000
0.000000
0.000000
0.000000
0.000000
0.000000
0.000000
0.000000
0.000000
0.000000
0.000000
0.000000
0.000000
0.000000
0.000000
0.000000
0.000000
0.000000
0.000000
0.000000
0.000000
0.529588
0.465681
0.268099
0.251133
0.319106
0.322916
0.421344
0.442221
0.743736
0.154332
0.214864
0.369144
0.314351
0.207331
0.228618
0.364573
0.514952
0.594478
0.208008
0.216285
0.164661
0.183975
0.134740
0.223677
0.382746
0.053804
0.005841
0.983947
0.727459
0.892631
0.981798
0.973248
0.995159
0.775943
0.966848
0.529002
0.000000
0.000000
0.000000
0.000000
0.000000
0.000000
0.000000
0.000000
0.000000
0.000000
0.000000
0.000000
0.000000
0.000000
0.000000
0.000000
0.000000
0.000000
0.041924
0.075306
0.073177
0.131914
0.421940
0.512937
0.609508
0.780868
0.721155
0.775236
0.650302
0.358724
0.192986
0.411700
0.643551
0.751418
0.726196
0.553203
0.136251
0.139154
0.087000
0.088753
0.058642
0.008931
0.002239
0.009650
0.293026
0.955866
0.810609
0.586099
0.470508
0.449441
0.399417
0.300168
0.296891
0.444222
0.313589
0.146954
0.058395
0.090327
0.207244
0.104577
0.040855
0.047322
0.070214
0.561714
0.872238
0.700915
0.772185
0.846620
0.877633
0.786861
0.750755
0.791320
0.215465
0.273578
0.329738
0.369674
0.332876
0.484223
0.593112
0.409327
0.399011
0.260793
0.776377
0.637306
0.619989
0.416704
0.172793
0.061302
0.027253
0.030400
0.359651
0.620910
0.982091
0.883595
0.787331
0.561099
0.726428
0.876225
0.850215
0.450022
0.383080
0.603908
0.744203
0.850215
0.619767
0.432078
0.535296
0.551563
0.839630
0.760684
0.987267
0.549456
0.514298
0.671483
0.836889
1.000000
0.729898
0.885612
0.653787
0.728282
0.947976
0.694161
0.620970
0.835638
0.812096
0.711499
0.981283
0.754892
0.707219
0.594542
0.583597
0.833493
0.762032
0.548268
0.865578
0.245739
0.258095
0.304231
0.680848
0.922941
0.889818
0.973248
0.861214
0.841939
0.422627
0.285939
0.201176
0.188833
0.207417
0.320212
0.487378
0.393552
0.201462
0.031237
0.002631
0.004761
0.047864
0.047848
0.030784
0.024401
0.014245
0.019034
0.000000
0.000000
0.000000
0.000000
0.000000
0.000000
0.000000
0.000000
0.000000
0.000000
0.000000
0.000000
0.000000
0.000000
0.000000
0.000000
0.000000
0.000000
0.000000
0.000000
0.000000
0.000000
0.000000
0.000000
0.000000
0.000000
0.000000
0.000000
0.000000
0.000000
0.000000
0.000000
0.000000
0.000000
0.000000
0.000000
0.221565
0.248539
0.512314
0.521466
0.284760
0.180437
0.208014
0.419651
0.581463
0.843926
0.562120
0.208014
0.236751
0.196076
0.214745
0.253783
0.207433
0.185951
0.000000
0.000000
0.000000
0.000000
0.000000
0.000000
0.000000
0.000000
0.000000
0.000000
0.000000
0.000000
0.000000
0.000000
0.000000
0.000000
0.000000
0.000000
0.596941
0.539822
0.531695
0.525508
0.331703
0.337282
0.422885
0.458397
0.622146
0.411445
0.129149
0.170967
0.378574
0.408616
0.436001
0.473657
0.512148
0.542864
0.314493
0.291438
0.177487
0.113411
0.062057
0.049845
0.105850
0.078842
0.082475
0.759268
0.878135
0.898221
0.901675
0.902442
0.767485
0.918765
0.861810
0.785224
0.220605
0.266638
0.304318
0.505724
0.708323
0.605777
0.853984
0.754137
0.985076
0.224040
0.280159
0.627542
0.750371
0.657985
0.473825
0.439518
0.612069
0.870264
0.000000
0.000000
0.000000
0.000000
0.000000
0.000000
0.000000
0.000000
0.000000
0.000000
0.000000
0.000000
0.000000
0.000000
0.000000
0.000000
0.000000
0.000000
0.204789
0.309622
0.418190
0.349381
0.237067
0.291712
0.390208
0.316048
0.346098
0.897105
0.399440
0.350512
0.511590
0.707183
0.893652
0.742968
0.507309
0.473433
0.451545
0.311980
0.265898
0.303246
0.403321
0.691301
0.708599
0.129415
0.026379
0.104449
0.327691
0.244453
0.303562
0.805116
0.756889
0.686239
0.819562
0.834855
0.000000
0.000000
0.000000
0.000000
0.000000
0.000000
0.000000
0.000000
0.000000
0.000000
0.000000
0.000000
0.000000
0.000000
0.000000
0.000000
0.000000
0.000000
0.863532
0.617302
0.269715
0.124338
0.156377
0.208803
0.160971
0.237896
0.133839
0.023677
0.042352
0.043023
0.063683
0.193859
0.411175
0.791325
0.816348
0.853149
0.000000
0.000000
0.000000
0.000000
0.000000
0.000000
0.000000
0.000000
0.000000
0.000000
0.000000
0.000000
0.000000
0.000000
0.000000
0.000000
0.000000
0.000000
0.394973
0.697941
0.844758
0.606550
0.611013
0.512982
0.318216
0.519387
0.873337
0.316309
0.626609
0.918876
0.945098
0.831670
0.601760
0.552680
0.773243
0.969157
0.572933
0.976259
0.789941
0.990758
0.677260
0.341541
0.113948
0.013391
0.003959
0.166640
0.096195
0.024400
0.024865
0.059764
0.101192
0.126249
0.183768
0.412227
0.472993
0.804311
0.854815
0.875463
0.699117
0.785602
0.761140
0.540705
0.764269
0.984050
0.298891
0.058036
0.069754
0.254476
0.884973
0.872252
0.856629
0.631207
0.644613
0.725066
0.578224
0.288417
0.220558
0.317059
0.490440
0.603530
0.959006
0.280405
0.235211
0.144380
0.117837
0.118961
0.062922
0.027627
0.019159
0.016127
0.120751
0.142829
0.088069
0.075143
0.148569
0.118754
0.049318
0.056600
0.311910
1.000000
0.793223
0.753677
0.606687
0.967077
0.955341
0.701356
0.433457
0.440820
0.305078
0.418440
0.402182
0.212569
0.270802
0.742745
0.946152
0.608467
0.385182
0.571163
0.719091
0.735589
0.488864
0.874995
0.527515
0.423085
0.510520
0.542556
0.000000
0.000000
0.000000
0.000000
0.000000
0.000000
0.000000
0.000000
0.000000
0.000000
0.000000
0.000000
0.000000
0.000000
0.000000
0.000000
0.000000
0.000000
0.000000
0.000000
0.000000
0.000000
0.000000
0.000000
0.000000
0.000000
0.000000
0.000000
0.000000
0.000000
0.000000
0.000000
0.000000
0.000000
0.000000
0.000000
0.000000
0.000000
0.000000
0.000000
0.000000
0.000000
0.000000
0.000000
0.000000
0.000000
0.000000
0.000000
0.000000
0.000000
0.000000
0.000000
0.000000
0.000000
0.963595
0.448928
0.208746
0.254470
0.352114
0.545445
0.487475
0.452347
0.695011
0.265511
0.631314
0.779065
0.514389
0.252282
0.158811
0.153680
0.260300
0.373446
0.000000
0.000000
0.000000
0.000000
0.000000
0.000000
0.000000
0.000000
0.000000
0.000000
0.000000
0.000000
0.000000
0.000000
0.000000
0.000000
0.000000
0.000000
0.217548
0.141552
0.110731
0.077974
0.139168
0.480617
0.979619
0.373205
0.312877
0.402127
0.385121
0.585752
0.778952
0.780033
0.523943
0.459685
0.723347
0.904424
0.630180
0.684902
0.751557
0.956244
0.821133
0.920310
0.952804
0.931498
0.631406
0.855603
0.344372
0.468433
0.441846
0.284716
0.205180
0.222288
0.402483
0.650270
0.955000
0.915357
0.905172
1.000000
0.961935
0.876362
0.872821
0.306327
0.014933
0.410355
0.958796
0.948946
0.823358
0.641698
0.589460
0.528433
0.640698
0.771184
0.000000
0.000000
0.000000
0.000000
0.000000
0.000000
0.000000
0.000000
0.000000
0.000000
0.000000
0.000000
0.000000
0.000000
0.000000
0.000000
0.000000
0.000000
0.536847
0.707718
0.916328
0.964573
0.673836
0.638863
0.756123
0.817431
0.752255
0.061074
0.128824
0.407557
0.867342
0.752255
0.607282
0.332600
0.199722
0.161961
0.666745
0.404950
0.267874
0.411737
0.678668
0.973233
0.671946
0.877797
0.173448
0.573954
0.584579
0.643235
0.893233
0.671460
0.964417
0.973811
0.657658
0.851973
0.248987
0.312677
0.178861
0.064362
0.033760
0.027551
0.028632
0.014961
0.029439
0.574149
0.860498
0.974939
0.978819
0.944000
0.656489
0.644743
0.884636
0.936631
0.923068
0.830921
0.905334
0.955813
0.983709
0.825909
0.763154
0.559526
0.327036
0.374424
0.559526
0.502112
0.336633
0.616892
0.933762
0.628244
0.501460
0.608258
0.149852
0.380420
0.749331
0.851631
0.859321
0.754569
0.853269
0.403332
0.033431
0.028820
0.206928
0.309050
0.365802
0.782775
0.936111
0.941221
0.777787
0.693548
0.152244
0.137373
0.200263
0.304213
0.542998
0.746127
0.554349
0.620926
0.709581
0.351828
0.197016
0.224052
0.418298
0.915964
0.761753
0.852505
0.980821
0.863738
0.856393
0.897804
0.907068
0.835490
0.838295
0.783481
0.668794
0.991187
0.479018
0.399896
0.782436
0.668794
0.648702
0.523648
0.196307
0.095681
0.133171
0.168162
0.727722
0.777150
0.959587
0.937276
0.650983
0.737321
0.888608
0.927960
0.695430
0.360984
0.415811
0.934881
0.715113
0.438757
0.408642
0.447212
0.454447
0.657687
0.000000
0.000000
0.000000
0.000000
0.000000
0.000000
0.000000
0.000000
0.000000
0.000000
0.000000
0.000000
0.000000
0.000000
0.000000
0.000000
0.000000
0.000000
0.345857
0.443550
0.410483
0.505975
0.819959
0.804022
0.796116
0.466752
0.172069
0.772678
0.939570
0.655390
0.706039
0.902461
0.818384
0.838400
0.817671
0.769532
0.000000
0.000000
0.000000
0.000000
0.000000
0.000000
0.000000
0.000000
0.000000
0.000000
0.000000
0.000000
0.000000
0.000000
0.000000
0.000000
0.000000
0.000000
0.541701
0.463448
0.546420
0.680465
0.683738
0.596223
0.464534
0.412375
0.189532
0.214947
0.240992
0.118937
0.140470
0.217171
0.186106
0.233531
0.446643
0.493758
0.000000
0.000000
0.000000
0.000000
0.000000
0.000000
0.000000
0.000000
0.000000
0.000000
0.000000
0.000000
0.000000
0.000000
0.000000
0.000000
0.000000
0.000000
0.573304
0.478588
0.531006
0.512091
0.568698
0.936406
0.850239
0.883720
0.932707
0.352972
0.172240
0.140819
0.196159
0.349336
0.633100
0.801227
1.000000
0.959167
0.000000
0.000000
0.000000
0.000000
0.000000
0.000000
0.000000
0.000000
0.000000
0.000000
0.000000
0.000000
0.000000
0.000000
0.000000
0.000000
0.000000
0.000000
0.973678
0.788824
0.748423
0.551997
0.395174
0.537212
0.377676
0.288984
0.825038
0.932240
0.898438
0.610375
0.189790
0.076967
0.046094
0.071595
0.106136
0.139798
0.276049
0.500432
0.448778
0.245250
0.145240
0.491354
0.765280
0.611405
0.831784
0.784773
0.860926
0.455435
0.291346
0.577990
0.558174
0.292791
0.339137
0.457282
0.000000
0.000000
0.000000
0.000000
0.000000
0.000000
0.000000
0.000000
0.000000
0.000000
0.000000
0.000000
0.000000
0.000000
0.000000
0.000000
0.000000
0.000000
0.530950
0.661149
0.512416
0.349946
0.588318
0.744824
0.559787
0.348494
0.325049
0.349825
0.206149
0.372800
0.527161
0.634313
0.577961
0.539124
0.620247
0.620404
0.850080
0.785681
0.981357
0.984799
0.899432
0.268469
0.088200
0.131570
0.140369
0.365087
0.609523
0.828478
0.968248
0.938439
0.858863
0.833428
0.939309
0.822153
0.259599
0.425152
0.777342
0.927956
0.624273
0.658459
0.591653
0.755311
0.610194
0.490368
0.533095
0.946538
0.759583
0.904521
0.985572
0.777342
0.614763
0.844316
0.000000
0.000000
0.000000
0.000000
0.000000
0.000000
0.000000
0.000000
0.000000
0.000000
0.000000
0.000000
0.000000
0.000000
0.000000
0.000000
0.000000
0.000000
0.527701
0.723628
0.800092
0.987798
0.959546
0.773671
0.779651
0.513086
0.576871
0.799790
0.674663
0.820545
0.979606
0.834814
0.533977
0.262386
0.208647
0.301419
0.000000
0.000000
0.000000
0.000000
0.000000
0.000000
0.000000
0.000000
0.000000
0.000000
0.000000
0.000000
0.000000
0.000000
0.000000
0.000000
0.000000
0.000000
0.000000
0.000000
0.000000
0.000000
0.000000
0.000000
0.000000
0.000000
0.000000
0.000000
0.000000
0.000000
0.000000
0.000000
0.000000
0.000000
0.000000
0.000000
0.000000
0.000000
0.000000
0.000000
0.000000
0.000000
0.000000
0.000000
0.000000
0.000000
0.000000
0.000000
0.000000
0.000000
0.000000
0.000000
0.000000
0.000000
0.000000
0.000000
0.000000
0.000000
0.000000
0.000000
0.000000
0.000000
0.000000
0.000000
0.000000
0.000000
0.000000
0.000000
0.000000
0.000000
0.000000
0.000000
0.255743
0.393908
0.420178
0.417504
0.518354
0.544966
0.535943
0.599510
0.526928
0.268195
0.801708
0.845761
0.611334
0.217780
0.122583
0.184486
0.161874
0.151622
0.402197
0.452434
0.385703
0.268292
0.191747
0.097932
0.158285
0.346136
0.399179
0.744154
0.423250
0.263157
0.376687
0.309947
0.317115
0.478303
0.531994
0.634845
0.173227
0.224402
0.211440
0.165978
0.127497
0.133199
0.229741
0.254093
0.110037
0.100503
0.147616
0.456612
0.966543
0.657117
0.758210
0.965630
0.936055
0.850558
0.276822
0.229819
0.162796
0.098138
0.226891
0.406916
0.501607
0.282800
0.014986
0.756522
0.890479
0.856114
0.878204
0.842458
0.885641
0.504071
0.257178
0.281964
0.000000
0.000000
0.000000
0.000000
0.000000
0.000000
0.000000
0.000000
0.000000
0.000000
0.000000
0.000000
0.000000
0.000000
0.000000
0.000000
0.000000
0.000000
0.522524
0.467752
0.456164
0.296118
0.348530
0.482484
0.323053
0.252090
0.546747
0.159675
0.061462
0.005354
0.000656
0.000638
0.000734
0.006201
0.009685
0.001541
0.000000
0.000000
0.000000
0.000000
0.000000
0.000000
0.000000
0.000000
0.000000
0.000000
0.000000
0.000000
0.000000
0.000000
0.000000
0.000000
0.000000
0.000000
0.691451
0.564831
0.703867
0.634864
0.800825
0.963001
0.840502
0.611580
0.474036
0.260577
0.266949
0.197107
0.202075
0.168417
0.317734
0.547600
0.783595
0.984168
0.168992
0.195458
0.295403
0.547327
0.788903
0.846810
0.887471
0.888245
1.000000
0.223611
0.200976
0.206711
0.109440
0.063180
0.064408
0.092783
0.114703
0.143194
0.845183
0.955196
0.990370
0.798050
0.303029
0.114317
0.104138
0.113436
0.214863
0.616742
0.145032
0.242908
0.680911
0.953728
0.890417
0.913495
0.681705
0.536926
0.497046
0.336604
0.290410
0.275975
0.317486
0.335659
0.502490
0.326867
0.100180
0.338323
0.458967
0.783551
0.722540
0.740490
0.739687
0.554358
0.425080
0.464337
0.000000
0.000000
0.000000
0.000000
0.000000
0.000000
0.000000
0.000000
0.000000
0.000000
0.000000
0.000000
0.000000
0.000000
0.000000
0.000000
0.000000
0.000000
0.637484
0.324330
0.240870
0.311015
0.279287
0.257739
0.341775
0.802016
0.337047
0.014455
0.007385
0.008612
0.016707
0.024116
0.017099
0.012058
0.015035
0.013006
0.000000
0.000000
0.000000
0.000000
0.000000
0.000000
0.000000
0.000000
0.000000
0.000000
0.000000
0.000000
0.000000
0.000000
0.000000
0.000000
0.000000
0.000000
0.000000
0.000000
0.000000
0.000000
0.000000
0.000000
0.000000
0.000000
0.000000
0.000000
0.000000
0.000000
0.000000
0.000000
0.000000
0.000000
0.000000
0.000000
0.000000
0.000000
0.000000
0.000000
0.000000
0.000000
0.000000
0.000000
0.000000
0.000000
0.000000
0.000000
0.000000
0.000000
0.000000
0.000000
0.000000
0.000000
0.000000
0.000000
0.000000
0.000000
0.000000
0.000000
0.000000
0.000000
0.000000
0.000000
0.000000
0.000000
0.000000
0.000000
0.000000
0.000000
0.000000
0.000000
0.228758
0.284664
0.294958
0.190254
0.163809
0.137789
0.024982
0.002786
0.012790
0.893665
0.412236
0.454927
0.954675
0.429021
0.335939
0.489892
0.604672
0.606794
0.449465
0.614810
0.781017
0.840328
0.717389
0.371060
0.376667
0.847040
0.112510
0.013213
0.014551
0.008928
0.013398
0.011288
0.017120
0.027751
0.095353
0.183422
0.766922
0.918173
0.591948
0.542911
0.550613
0.432937
0.567348
0.856762
0.477378
0.569750
0.301249
0.500538
0.714938
0.622273
0.764235
0.974847
0.994145
0.906715
0.657693
0.839788
0.966319
0.979073
0.771822
0.843599
0.899379
0.753577
0.586624
0.632304
0.753577
0.777888
0.651177
0.788512
0.973843
0.942294
0.809188
0.837006
0.000000
0.000000
0.000000
0.000000
0.000000
0.000000
0.000000
0.000000
0.000000
0.000000
0.000000
0.000000
0.000000
0.000000
0.000000
0.000000
0.000000
0.000000
0.841622
0.887225
0.885602
0.472990
0.457781
0.669578
0.692296
0.901853
0.582834
0.328844
0.388004
0.319165
0.619946
0.951337
0.970644
0.878923
0.819272
0.847414
0.789327
0.636805
0.723021
0.670722
0.935612
0.874281
0.700772
0.646996
0.566747
0.402458
0.610877
0.820715
0.739057
0.941454
0.989399
0.755308
0.608657
0.630564
0.000000
0.000000
0.000000
0.000000
0.000000
0.000000
0.000000
0.000000
0.000000
0.000000
0.000000
0.000000
0.000000
0.000000
0.000000
0.000000
0.000000
0.000000
0.000000
0.000000
0.000000
0.000000
0.000000
0.000000
0.000000
0.000000
0.000000
0.000000
0.000000
0.000000
0.000000
0.000000
0.000000
0.000000
0.000000
0.000000
0.252762
0.314226
0.360335
0.340428
0.378151
0.167436
0.090196
0.422219
0.785184
0.429264
0.694009
0.714596
0.543302
0.548737
0.669124
0.555420
0.414286
0.318169
0.000000
0.000000
0.000000
0.000000
0.000000
0.000000
0.000000
0.000000
0.000000
0.000000
0.000000
0.000000
0.000000
0.000000
0.000000
0.000000
0.000000
0.000000
0.235388
0.299047
0.359817
0.380032
0.515482
0.447202
0.519375
0.510211
0.293477
0.764063
0.958539
0.436250
0.691322
0.595928
0.218404
0.138396
0.185097
0.187628
0.389666
0.246180
0.370934
0.363782
0.295736
0.696007
0.811011
0.901726
0.580595
0.372847
0.452543
0.300112
0.217659
0.376042
0.468163
0.392452
0.428637
0.449363
0.811607
0.791700
0.746975
0.837100
0.753358
0.480816
0.379399
0.202755
0.084557
0.148725
0.215344
0.193407
0.160796
0.196952
0.238318
0.130273
0.088432
0.102170
0.740713
0.866034
0.940520
0.875688
0.908208
0.788132
0.588221
0.859104
0.938730
0.043618
0.214013
0.636452
0.765863
0.542840
0.562319
0.781669
0.952522
0.888801
0.000000
0.000000
0.000000
0.000000
0.000000
0.000000
0.000000
0.000000
0.000000
0.000000
0.000000
0.000000
0.000000
0.000000
0.000000
0.000000
0.000000
0.000000
0.000000
0.000000
0.000000
0.000000
0.000000
0.000000
0.000000
0.000000
0.000000
0.000000
0.000000
0.000000
0.000000
0.000000
0.000000
0.000000
0.000000
0.000000
0.000000
0.000000
0.000000
0.000000
0.000000
0.000000
0.000000
0.000000
0.000000
0.000000
0.000000
0.000000
0.000000
0.000000
0.000000
0.000000
0.000000
0.000000
0.000000
0.000000
0.000000
0.000000
0.000000
0.000000
0.000000
0.000000
0.000000
0.000000
0.000000
0.000000
0.000000
0.000000
0.000000
0.000000
0.000000
0.000000
0.963792
0.881790
0.860528
0.896382
0.784424
0.469209
0.184703
0.128209
0.106841
0.498598
0.170196
0.149214
0.138824
0.332320
0.414427
0.293617
0.292776
0.423906
0.069834
0.051065
0.028867
0.018404
0.030639
0.026277
0.020232
0.097657
0.407486
0.671373
0.388053
0.421327
0.641360
0.513607
0.542428
0.533963
0.504325
0.698685
0.000000
0.000000
0.000000
0.000000
0.000000
0.000000
0.000000
0.000000
0.000000
0.000000
0.000000
0.000000
0.000000
0.000000
0.000000
0.000000
0.000000
0.000000
0.000000
0.000000
0.000000
0.000000
0.000000
0.000000
0.000000
0.000000
0.000000
0.000000
0.000000
0.000000
0.000000
0.000000
0.000000
0.000000
0.000000
0.000000
0.439199
0.436967
0.406059
0.466629
0.676454
0.786861
0.851955
0.796298
0.720574
0.412382
0.552696
0.962787
0.914766
0.976220
0.695835
0.352343
0.337968
0.383676
0.956011
0.916856
0.795389
0.517225
0.358545
0.395297
0.743115
0.872499
0.404333
0.043218
0.028638
0.032688
0.121795
0.566790
0.957466
0.983225
0.662001
0.384138
0.193337
0.307126
0.357373
0.243080
0.160839
0.371754
0.886755
0.961412
0.650894
0.402030
0.670281
0.904543
0.904199
0.902181
0.761737
0.852495
0.848991
0.723604
0.720705
0.866800
0.771024
0.645862
0.770681
0.902296
0.320014
0.076023
0.453537
0.468730
0.644374
0.805826
0.691651
0.484200
0.255332
0.165782
0.175514
0.178550
