0.000000
0.000000
0.000000
0.000000
0.179596
0.000000
0.035378
0.000362
0.537895
0.120184
0.244424
0.355486
0.413357
0.167587
0.548506
0.046812
0.312495
0.890240
0.771816
0.073454
0.029856
0.790239
0.770287
0.009161
0.048610
0.506690
0.182860
0.182860
0.001884
0.039783
0.026829
0.172568
0.937828
0.553851
0.655597
0.103525
0.403155
0.838353
0.025881
0.339072
0.151572
0.171939
0.583692
0.177016
0.730846
0.894984
0.280142
0.037894
0.376696
0.404281
0.263567
0.276595
0.717352
0.304892
0.110936
0.138873
0.001633
0.002042
0.564615
0.000960
0.576844
0.160319
0.266999
0.098535
0.487682
0.314416
0.307728
0.698016
0.054104
0.619894
0.471525
0.662837
0.594726
0.721841
0.773347
0.359667
0.013065
0.570035
0.810330
0.459300
0.141021
0.511824
0.838353
0.788699
0.406539
0.385394
0.347218
0.726339
0.907653
0.696537
0.655597
0.540538
0.015266
0.843045
0.250969
0.063739
0.098128
0.166972
0.483927
0.285521
0.108714
0.702461
0.934647
0.338063
0.705431
0.545844
0.232478
0.483927
0.018673
0.520873
0.918757
0.202663
0.039976
0.061762
0.101840
0.003828
0.162113
0.214975
0.011149
0.570035
0.570035
0.106962
0.045285
0.394214
0.207669
0.624134
0.050230
0.381030
0.333044
0.230917
0.752003
0.788699
0.524776
0.431867
0.000981
0.052623
0.036260
0.223224
0.811881
0.832107
0.470294
0.342112
0.520873
0.325116
0.955342
0.454460
