0.000000
0.000000
0.000000
0.000000
0.000000
0.000000
0.000000
0.000000
0.000000
0.000000
0.053429
0.000465
0.000000
0.000001
0.000000
0.000000
0.000000
0.033494
0.020627
0.006148
0.656954
0.585463
0.042750
0.000000
0.000000
0.012442
0.790013
0.000899
0.011338
0.003749
0.699816
0.000011
0.000000
0.000000
0.750559
0.149633
0.016266
0.000000
0.000205
0.000000
0.068328
0.092268
0.565034
0.019010
0.000004
0.000000
0.000000
0.000000
0.003371
0.000729
0.000000
0.000109
0.000101
0.000006
0.000000
0.000051
0.000078
0.005241
0.011797
0.007657
0.000000
0.000009
0.000000
0.000000
0.000000
0.000000
0.000000
0.000000
0.000005
0.281931
0.319878
0.102358
0.232223
0.328140
0.444669
0.012831
0.632745
0.000000
0.066879
0.000104
0.039583
0.402453
0.000059
0.003434
0.000017
0.180223
0.267183
0.330702
0.770022
0.003009
0.138741
0.000000
0.041236
0.000251
0.000000
0.005900
0.553020
0.000001
0.000000
0.000000
0.051772
0.194198
0.000000
0.053362
0.000165
0.000836
0.000132
0.009672
0.035929
0.319830
0.004651
0.587159
0.053009
0.000023
0.728487
0.241240
0.000282
0.780910
0.000000
0.000003
0.000000
0.000140
0.000000
0.000000
0.000000
0.000000
0.000197
0.000000
0.000000
0.000059
0.000074
0.164080
0.000000
0.012383
0.000000
0.075134
0.001627
0.145873
0.872930
0.037356
0.000023
0.063098
0.232351
0.004306
0.125626
0.176324
