0.000000
0.000000
0.000000
0.000000
0.000000
0.000000
0.019202
0.000033
0.000006
0.151565
0.015721
0.001330
0.031532
0.373106
0.019705
0.001231
0.005382
0.239910
0.047287
0.205360
0.296845
0.023119
0.907702
0.003402
0.000992
0.002966
0.286899
0.232824
0.000979
0.157315
0.089287
0.263490
0.000000
0.044476
0.129143
0.007166
0.367695
0.361516
0.002215
0.448294
0.349538
0.574421
0.610216
0.052926
0.068408
0.139311
0.071968
0.181979
0.001082
0.015457
0.127089
0.388567
0.447572
0.871804
0.161674
0.038247
0.000268
0.015849
0.078951
0.004723
0.488370
0.001020
0.147243
0.925682
0.599011
0.675178
0.000205
0.738115
0.526156
0.019939
0.762452
0.882966
0.038882
0.504494
0.010112
0.128386
0.293494
0.219230
0.001006
0.726195
0.080686
0.540365
0.380918
0.392844
0.689034
0.126082
0.599910
0.377867
0.382746
0.247295
0.610930
0.302545
0.068077
0.344346
0.004815
0.024136
0.001447
0.006596
0.004340
0.000003
0.382440
0.948031
0.303844
0.047847
0.698019
0.338789
0.411618
0.427828
0.003845
0.693865
0.034808
0.001203
0.024747
0.007828
0.034124
0.000018
0.070283
0.007222
0.020094
0.118613
0.097570
0.545733
0.908660
0.010423
0.151055
0.059867
0.018920
0.651505
0.007231
0.000671
0.014015
0.008700
0.000335
0.022340
0.106012
0.501801
0.018641
0.128056
0.050451
0.189884
0.086002
0.004631
0.163687
0.046352
0.682344
0.834586
