0.000000
0.000018
1.000000
0.000000
0.000000
1.000000
0.237408
0.000000
0.000002
0.993029
0.999994
0.977612
0.967772
0.819891
0.887793
0.776691
1.000000
0.050877
0.039839
0.998840
0.985536
0.311243
0.508246
1.000000
0.999884
0.214890
0.965167
0.990377
1.000000
0.999999
0.956402
0.972631
0.999980
0.850598
0.000001
0.000002
0.042302
0.134387
0.999172
0.874835
0.907687
0.946671
0.095638
0.024560
0.974324
0.693244
0.996234
0.999136
0.837729
0.997134
0.049379
0.000002
0.845004
0.017389
0.934079
0.966727
0.999991
0.999927
0.858565
0.528679
0.000087
0.000312
0.000161
0.000481
0.075897
0.000038
0.000000
0.000000
0.000000
0.002579
0.000040
0.676008
0.656827
0.179463
0.898697
0.885457
0.857884
0.845305
0.879772
0.978521
0.787015
0.487403
0.100110
0.000714
0.000000
0.470581
0.106583
0.327328
0.384609
0.105904
0.119838
0.002747
0.465614
0.000009
0.601136
0.833790
0.720062
0.000085
0.120729
0.028753
0.000000
0.000000
0.113118
0.000003
0.040518
0.752763
0.000279
0.007350
0.822662
0.007500
0.000156
0.340823
0.839460
0.033382
0.000001
0.000310
0.000000
0.000000
0.000000
0.001837
0.012893
0.000001
0.000000
0.000000
0.000000
0.000000
0.000000
0.000001
0.000000
0.000000
0.000000
0.000000
0.000000
0.000000
0.000000
0.000000
0.000000
0.000000
0.403602
0.131626
0.101898
0.771387
0.992096
0.815551
0.620462
0.082997
