0.000000
0.000000
0.000000
0.000000
0.000000
0.000000
0.000000
0.000000
0.000000
0.264734
0.065334
0.000000
0.000001
0.017825
0.000134
0.000000
0.000000
0.258751
0.000089
0.025351
0.692362
0.448035
0.043755
0.067906
0.000003
0.276199
0.041092
0.004036
0.000000
0.001206
0.000011
0.149033
0.000000
0.528587
0.249054
0.000209
0.908359
0.849565
0.176900
0.361108
0.747073
0.225353
0.832531
0.098890
0.482864
0.403885
0.663438
0.000081
0.015643
0.000223
0.097474
0.605456
0.311027
0.813610
0.064823
0.597982
0.000213
0.000152
0.185608
0.001867
0.034450
0.077973
0.153601
0.349693
0.117977
0.770898
0.000011
0.470520
0.000417
0.381599
0.395887
0.297595
0.327425
0.713433
0.006799
0.148136
0.656951
0.480706
0.167570
0.941008
0.178046
0.494240
0.044461
0.255850
0.132244
0.083235
0.580253
0.825052
0.983292
0.971424
0.542696
0.512368
0.229629
0.818514
0.238289
0.289421
0.303803
0.266853
0.344828
0.001240
0.176198
0.163913
0.930390
0.200448
0.962341
0.748660
0.956587
0.843290
0.582405
0.019299
0.520158
0.667505
0.614049
0.043712
0.133271
0.000000
0.179822
0.107086
0.029604
0.924266
0.079065
0.266559
0.554315
0.005303
0.029934
0.144522
0.528229
0.596016
0.001973
0.008391
0.000454
0.022339
0.000570
0.010703
0.038657
0.010065
0.116981
0.165119
0.237269
0.804719
0.661836
0.100609
0.892964
0.083912
0.504390
0.530407
